Run semi-empirical minimization
 &qmmm
    qm_theory='AM1', grms_tol=0.0005,
 scfconv=1.d-10, ndiis_attempts=700,   qmcharge=0,
 /
   6    C1       -5.0130        2.9640        6.1030 
   6    C2       -2.9960        0.8010        1.6630 
   6    C3       -4.1600        0.0610        1.9840 
   6    C4       -5.3250        0.7480        2.3830 
   6    C5       -5.2970        2.1410        2.5800 
   6    C6       -4.1430        2.8670        2.2490 
   6    C7       -2.9750        2.2040        1.8380 
   6    C8       -6.4780        2.8630        3.1160 
   7    N1       -7.7190        2.8300        2.6600 
   7    N2       -6.4140        3.6930        4.2280 
   8    O1       -6.4710        0.0660        2.6850 
   8    O2       -1.8650        0.1990        1.2470 
   7    N3       -8.4810        3.6710        3.4890 
   6    C9       -7.6530        4.1720        4.4400 
   8    O3       -7.9590        4.9090        5.3760 
   6   C10       -5.2800        3.8800        5.0690 
   6   C11       -4.3980        4.9580        4.8960 
   6   C12       -3.2810        5.1240        5.7270 
   6   C13       -3.0330        4.2060        6.7510 
   6   C14       -1.8460        3.0920        1.4410 
   7    N4       -1.6910        3.5090        0.1460 
   8    O4       -1.1450        3.5520        2.3280 
   6   C15       -0.6520        4.4940       -0.2120 
   6   C16       -1.3280        5.7310       -0.7640 
   6   C17       -3.8950        3.1350        6.9230 
   6   C18       -2.4510        2.9540       -0.9730 
   8    O5       -2.2070        6.5120       -0.0950 
   6   C19       -2.5990        7.5170       -0.8900 
   6   C20       -1.9890        7.3740       -2.0910 
   6   C21       -1.1570        6.2270       -2.0120 
   9    F1       -4.6520        5.8490        3.9160 
   1    H1       -5.6660        2.1070        6.2490 
   1    H2       -4.1860       -1.0190        1.8810 
   1    H3       -4.1450        3.9530        2.3220 
   1    H4       -6.4720       -0.8550        2.2940 
   1    H5       -2.0060       -0.7590        1.3640 
   1    H6       -9.4320        3.9820        3.3020 
   1    H7       -2.6130        5.9630        5.5620 
   1    H8       -2.1640        4.3180        7.4000 
   1    H9       -0.0410        4.0880       -1.0120 
   1   H10       -0.0270        4.7720        0.6430 
   1   H11       -3.6770        2.4190        7.7120 
   1   H12       -3.3740        2.4740       -0.6280 
   1   H13       -1.8360        2.2120       -1.4970 
   1   H14       -2.7180        3.7530       -1.6730 
   1   H15       -3.3100        8.2380       -0.5140 
   1   H16       -2.1180        8.0190       -2.9510 
   1   H17       -0.5230        5.8270       -2.7980 

