Run semi-empirical minimization
 &qmmm
    qm_theory='AM1', grms_tol=0.0005,
 scfconv=1.d-10, ndiis_attempts=700,   qmcharge=0,
 /
   6    C1        2.9470       -1.6180        1.8090 
   6    C2        4.1470       -1.0040        2.1000 
   6    C3        5.2120       -1.7750        2.5420 
   6    C4        5.1160       -3.1700        2.5690 
   6    C5        3.9100       -3.7750        2.2380 
   6    C6        2.8700       -2.9910        1.8170 
   8    O1        1.8640       -0.8770        1.4450 
   8    O2        6.3820       -1.1570        2.7790 
   6    C7        6.1860       -4.0170        3.1180 
   7    N1        7.4270       -4.0260        2.7180 
   7    N2        8.1120       -4.9420        3.5240 
   6    C8        7.2630       -5.4510        4.4310 
   7    N3        6.0550       -4.8880        4.2180 
   6    C9        4.8830       -5.1350        4.9950 
   6   C10        4.7230       -4.4720        6.2030 
   6   C11        3.6000       -4.6730        7.0070 
   6   C12        2.5700       -5.4900        6.5560 
   6   C13        2.6840       -6.1360        5.3330 
   6   C14        3.8430       -5.9640        4.5770 
   8    O3        7.5490       -6.2650        5.2900 
  35   Br1        1.4080       -3.8830        1.0790 
   9    F1        5.7620       -3.7450        6.6680 
   1    H1        4.2530        0.0750        2.0480 
   1    H2        3.8120       -4.8550        2.2020 
   1    H3        2.1370        0.0570        1.4870 
   1    H4        6.3760       -0.2010        2.5020 
   1    H5        9.0560       -5.2850        3.3490 
   1    H6        3.5110       -4.1590        7.9630 
   1    H7        1.6770       -5.6240        7.1620 
   1    H8        1.8950       -6.7940        4.9770 
   1    H9        3.9500       -6.5100        3.6450 

