Run semi-empirical minimization
 &qmmm
    qm_theory='AM1', grms_tol=0.0005,
 scfconv=1.d-10, ndiis_attempts=700,   qmcharge=0,
 /
   6    C1        1.5760       12.2310       27.4000 
   6    C2        2.8120       11.6940       27.0600 
   6    C3        2.8550       10.8410       25.9660 
   6    C4        1.7000       10.5610       25.2060 
   6    C5        0.4640       11.0710       25.6060 
   6    C6        0.4370       11.9340       26.6760 
   8    O1        1.4300       13.0360       28.4720 
   8    O2        4.0480       10.3390       25.5800 
   6    C7        1.7670        9.6080       24.0860 
   7    N1        2.5300        9.7880       23.0460 
   7    N2        2.3830        8.6590       22.2360 
   6    C8        1.5400        7.7970       22.8270 
   7    N3        1.1440        8.3590       23.9900 
   6    C9        0.2210        7.7610       24.8820 
   6   C10       -1.0920        7.4810       24.4630 
   6   C11       -2.0010        6.8620       25.3110 
   6   C12       -1.5750        6.5020       26.5840 
   6   C13       -0.2730        6.7520       27.0130 
   6   C14        0.6300        7.3640       26.1560 
   8    O3        1.2110        6.7000       22.4030 
  35   Br1       -1.1520       12.8350       27.0950 
   9    F1       -1.5040        7.8230       23.2290 
   1    H1        3.7100       11.9330       27.6290 
   1    H2       -0.4530       10.7930       25.0860 
   1    H3        1.7170       13.9240       28.2470 
   1    H4        4.3020       10.7270       24.7400 
   1    H5        2.8390        8.5140       21.3460 
   1    H6       -3.0220        6.6640       24.9870 
   1    H7       -2.2750        6.0130       27.2620 
   1    H8        0.0350        6.4670       28.0190 
   1    H9        1.6580        7.5350       26.4770 

