Run semi-empirical minimization
 &qmmm
    qm_theory='AM1', grms_tol=0.0005,
 scfconv=1.d-10, ndiis_attempts=700,   qmcharge=0,
 /
   6    C1       -0.6910       33.0390      -23.1320 
   6    C2       -1.9580       33.3120      -23.6510 
   6    C3       -2.0730       34.0580      -24.8140 
   6    C4       -0.9310       34.5490      -25.4440 
   6    C5        0.3230       34.2480      -24.9330 
   6    C6        0.4640       33.5410      -23.7700 
   8    O1       -0.6030       32.2730      -22.0100 
   8    O2       -3.2850       34.3080      -25.3330 
   6    C7       -0.9870       35.4320      -26.6200 
   7    N1       -1.6460       35.2130      -27.7230 
   7    N2       -1.3940       36.3120      -28.5590 
   6    C8       -0.5690       37.1720      -27.9120 
   7    N3       -0.3120       36.6480      -26.7050 
   6    C9        0.4980       37.2720      -25.7160 
   6   C10        1.9070       37.2190      -25.7660 
   6   C11        2.6800       37.8150      -24.7650 
   6   C12        2.0490       38.4930      -23.7210 
   6   C13        0.6610       38.5850      -23.6940 
   6   C14       -0.1150       37.9780      -24.6780 
   8    O3       -0.1180       38.2360      -28.3080 
  16    S1        2.1250       33.2500      -23.2180 
   8    O4        2.9210       34.3150      -23.7420 
   8    O5        2.0130       33.0780      -21.8150 
   7    N4        2.6010       31.8070      -23.9280 
   6   C15        1.7830       30.6180      -23.6580 
   6   C16        3.7860       31.7090      -24.8400 
   6   C17        5.1470       31.7270      -24.1220 
   6   C18        3.7840       30.5280      -25.8340 
   9    F1        2.5270       36.5730      -26.7740 
   1    H1       -2.8500       32.9410      -23.1460 
   1    H2        1.2130       34.5810      -25.4680 
   1    H3       -0.1050       31.4760      -22.2050 
   1    H4       -3.6220       33.5150      -25.7570 
   1    H5       -1.7660       36.4410      -29.4890 
   1    H6        3.7680       37.7510      -24.8000 
   1    H7        2.6420       38.9490      -22.9290 
   1    H8        0.1740       39.1400      -22.8920 
   1    H9       -1.2020       38.0540      -24.6380 
   1   H10        0.8320       30.7050      -24.1830 
   1   H11        2.3090       29.7280      -24.0040 
   1   H12        1.6000       30.5380      -22.5870 
   1   H13        3.6630       32.6270      -25.4150 
   1   H14        5.8520       32.3300      -24.6950 
   1   H15        5.0280       32.1560      -23.1270 
   1   H16        5.5270       30.7090      -24.0360 
   1   H17        4.2590       30.8370      -26.7650 
   1   H18        4.3350       29.6910      -25.4060 
   1   H19        2.7570       30.2230      -26.0350 

