Run semi-empirical minimization
 &qmmm
    qm_theory='AM1', grms_tol=0.0005,
 scfconv=1.d-10, ndiis_attempts=700,   qmcharge=0,
 /
   6    C1       -0.0300       32.1400       25.6650 
   6    C2       -1.2670       32.3590       25.0200 
   6    C3       -1.2890       33.0820       23.8290 
   6    C4       -0.1040       33.6540       23.3310 
   6    C5        1.1170       33.4000       23.9570 
   6    C6        1.1540       32.7320       25.1710 
   8    O1       -0.0150       31.4360       26.8220 
   8    O2       -2.4500       33.2770       23.1520 
   6    C7       -0.1250       34.5120       22.1330 
   7    N1       -0.7270       34.2500       20.9940 
   7    N2       -0.4830       35.3420       20.1510 
   6    C8        0.2430       36.2620       20.8280 
   7    N3        0.4650       35.7710       22.0690 
   6    C9        1.1710       36.4400       23.0940 
   6   C10        2.5470       36.6260       22.9550 
   6   C11        3.2800       37.2980       23.9500 
   6   C12        2.6150       37.7990       25.0690 
   6   C13        1.2400       37.6290       25.2070 
   6   C14        0.5100       36.9670       24.2170 
   8    O3        0.6300       37.3490       20.4100 
  16    S1        2.7570       32.4630       25.8940 
   8    O4        3.6420       33.4630       25.3670 
   8    O5        2.5060       32.3690       27.2960 
   7    N4        3.1750       30.9950       25.2380 
   6   C15        4.1100       30.9340       24.0970 
   6   C16        5.3150       29.9990       24.3180 
   6   C17        6.0810       29.8770       23.0000 
   6   C18        2.4640       29.7790       25.6750 
   9    F1        3.1460       36.1130       21.8630 
   1    H1       -2.1910       31.9680       25.4470 
   1    H2        2.0450       33.7280       23.4890 
   1    H3        0.8630       31.0760       26.9670 
   1    H4       -2.7760       32.4350       22.8260 
   1    H5       -0.7970       35.4290       19.1950 
   1    H6        4.3580       37.4260       23.8470 
   1    H7        3.1750       38.3270       25.8400 
   1    H8        0.7310       38.0140       26.0910 
   1    H9       -0.5700       36.8590       24.3150 
   1   H10        4.5130       31.9390       23.9680 
   1   H11        3.5610       30.5850       23.2220 
   1   H12        4.9710       29.0170       24.6430 
   1   H13        5.9670       30.4140       25.0860 
   1   H14        7.0790       29.4840       23.1950 
   1   H15        5.5490       29.2000       22.3310 
   1   H16        6.1620       30.8590       22.5340 
   1   H17        1.4920       29.7300       25.1830 
   1   H18        3.0500       28.8990       25.4080 
   1   H19        2.3230       29.8080       26.7550 

