Run semi-empirical minimization
 &qmmm
    qm_theory='AM1', grms_tol=0.0005,
 scfconv=1.d-10, ndiis_attempts=700,   qmcharge=0,
 /
   6    C1       37.9120       -0.0570       -9.1930 
   6    C2       38.5030       -1.3270       -9.0760 
   6    C3       39.8740       -1.4260       -8.8380 
   6    C4       40.6520       -0.2520       -8.7990 
   6    C5       40.0480        1.0140       -8.9350 
   6    C6       38.6900        1.1170       -9.1660 
   8    O1       36.5990        0.0560       -9.4740 
   8    O2       40.4820       -2.6270       -8.6630 
   6    C7       42.1160       -0.3780       -8.6330 
   7    N1       42.7470       -1.1230       -7.7580 
   7    N2       44.1200       -0.9510       -8.0010 
   6    C8       44.2820       -0.1090       -9.0480 
   7    N3       43.0490        0.2350       -9.4640 
   6    C9       42.7610        1.0740      -10.5590 
   6   C10       42.9570        2.4500      -10.4340 
   6   C11       42.6390        3.2890      -11.5010 
   6   C12       42.1270        2.7610      -12.6830 
   6   C13       41.9270        1.3880      -12.8040 
   6   C14       42.2600        0.5410      -11.7540 
   8    O3       45.3380        0.2720       -9.5480 
   9    F1       43.4780        2.9390       -9.2820 
   1    H1       37.8950       -2.2270       -9.1700 
   1    H2       40.6550        1.9160       -8.8580 
   1    H3       38.2280        2.0910       -9.3250 
   1    H4       36.2410       -0.8090       -9.6860 
   1    H5       40.6390       -3.0340       -9.5180 
   1    H6       44.8670       -1.3860       -7.4780 
   1    H7       42.7920        4.3640      -11.4090 
   1    H8       41.8830        3.4220      -13.5140 
   1    H9       41.5090        0.9780      -13.7230 
   1   H10       42.1320       -0.5360      -11.8600 

