Run semi-empirical minimization
 &qmmm
    qm_theory='AM1', grms_tol=0.0005,
 scfconv=1.d-10, ndiis_attempts=700,   qmcharge=0,
 /
   6    C1       -1.5020       11.8960       22.6250 
   6    C2       -2.7760       11.5690       23.1120 
   6    C3       -2.8820       10.7870       24.2410 
   6    C4       -1.7370       10.3590       24.9110 
   6    C5       -0.4680       10.6830       24.4140 
   6    C6       -0.3610       11.4700       23.2840 
   8    O1       -1.3740       12.6040       21.4730 
   8    O2       -4.1130       10.4730       24.7470 
   6    C7       -1.8020        9.4500       26.0460 
   7    N1       -2.5640        9.6300       27.0970 
   7    N2       -2.3710        8.5030       27.9270 
   6    C8       -1.5450        7.6380       27.3300 
   7    N3       -1.1610        8.1970       26.1510 
   6    C9       -0.2950        7.5730       25.2080 
   6   C10        1.0200        7.4080       25.5890 
   6   C11        1.9510        6.8630       24.7070 
   6   C12        1.5330        6.4620       23.4330 
   6   C13        0.2030        6.6220       23.0770 
   6   C14       -0.7190        7.1920       23.9420 
   8    O3       -1.1910        6.5610       27.7820 
   9    F1        1.3790        7.7530       26.8410 
   1    H1       -3.6710       11.9290       22.6040 
   1    H2        0.4280       10.3170       24.9150 
   1    H3        0.6220       11.7560       22.9110 
   1    H4       -1.7250       13.4890       21.6000 
   1    H5       -4.3610       11.1210       25.4110 
   1    H6       -2.7940        8.3710       28.8350 
   1    H7        2.9930        6.7500       25.0060 
   1    H8        2.2440        6.0290       22.7300 
   1    H9       -0.1270        6.2910       22.0920 
   1   H10       -1.7550        7.3380       23.6350 

