Run semi-empirical minimization
 &qmmm
    qm_theory='AM1', grms_tol=0.0005,
 scfconv=1.d-10, ndiis_attempts=700,   qmcharge=0,
 /
   6    C1       -2.8970        0.9740        1.8250 
   6    C2       -4.1160        0.2980        2.0500 
   6    C3       -5.2330        1.0330        2.4430 
   6    C4       -5.1160        2.4130        2.6910 
   6    C5       -3.9160        3.0750        2.4300 
   6    C6       -2.7790        2.3560        2.0940 
   8    O1       -1.8150        0.2540        1.4430 
   8    O2       -6.4360        0.4300        2.6260 
   6    C7       -6.2570        3.1860        3.2110 
   7    N1       -7.4910        3.1580        2.7590 
   7    N2       -8.2300        4.0440        3.5540 
   6    C8       -7.4140        4.5650        4.5000 
   7    N3       -6.1840        4.0330        4.3130 
   6    C9       -5.0500        4.3070        5.1100 
   6   C10       -4.4760        5.5770        5.0530 
   6   C11       -3.3540        5.8880        5.8420 
   6   C12       -2.8320        4.9220        6.7020 
   6   C13       -3.4090        3.6570        6.7740 
   6   C14       -4.5270        3.3480        5.9950 
   8    O3       -7.7200        5.3670        5.3770 
  16    S1       -1.2960        3.2890        1.7870 
   8    O4       -1.4210        4.5390        2.4820 
   8    O5       -0.2350        2.3840        2.0900 
   7    N4       -1.4180        3.5810        0.1560 
   6   C15       -1.8810        4.8970       -0.3270 
   6   C16       -0.9320        5.5660       -1.3400 
   6   C17       -1.6230        6.8090       -1.9020 
   6   C18       -1.2470        2.4650       -0.7920 
   9    F1       -5.0080        6.4720        4.1990 
   1    H1       -4.1840       -0.7710        1.8840 
   1    H2       -3.8730        4.1560        2.5810 
   1    H3       -1.0580        0.7930        1.7540 
   1    H4       -6.4240       -0.5190        2.3150 
   1    H5       -9.1740        4.3680        3.3540 
   1    H6       -2.8870        6.8650        5.7670 
   1    H7       -1.9580        5.1440        7.3120 
   1    H8       -2.9890        2.9110        7.4500 
   1    H9       -4.9940        2.3730        6.0620 
   1   H10       -2.0560        5.6020        0.4950 
   1   H11       -2.8490        4.7650       -0.8240 
   1   H12       -0.6620        4.8970       -2.1600 
   1   H13        0.0010        5.8470       -0.8350 
   1   H14       -1.8930        7.5120       -1.1040 
   1   H15       -2.5340        6.5370       -2.4490 
   1   H16       -0.9570        7.3310       -2.6010 
   1   H17       -2.2200        2.0010       -0.9960 
   1   H18       -0.5660        1.7020       -0.3950 
   1   H19       -0.8250        2.8080       -1.7410 

