Run semi-empirical minimization
 &qmmm
    qm_theory='AM1', grms_tol=0.0005,
 scfconv=1.d-10, ndiis_attempts=700,   qmcharge=0,
 /
   6    C1        2.7570        1.4770       -1.7230 
   6    C2        4.0110        0.8910       -1.9680 
   6    C3        5.0840        1.7000       -2.3430 
   6    C4        4.8690        3.0780       -2.5460 
   6    C5        3.6020        3.6480       -2.3130 
   6    C6        2.5370        2.8520       -1.9370 
   8    O1        1.6980        0.7040       -1.4100 
   8    O2        6.3270        1.1900       -2.5380 
   6    C7        5.9950        3.9070       -3.0280 
   7    N1        7.2210        3.9130       -2.5650 
   7    N2        7.9430        4.8240       -3.3540 
   6    C8        7.1230        5.3360       -4.3010 
   7    N3        5.9200        4.7590       -4.1250 
   6    C9        4.7820        4.9850       -4.9250 
   6   C10        4.0780        6.1820       -4.7870 
   6   C11        2.9300        6.3960       -5.5490 
   6   C12        2.4850        5.4230       -6.4390 
   6   C13        3.1850        4.2260       -6.5710 
   6   C14        4.3420        4.0120       -5.8320 
   8    O3        7.4020        6.1590       -5.1700 
   9    F1        4.5430        7.1250       -3.9310 
   1    H1        4.1670       -0.1760       -1.8410 
   1    H2        3.4490        4.7190       -2.4340 
   1    H3        1.5640        3.2890       -1.7430 
   1    H4        2.0240       -0.2160       -1.4290 
   1    H5        6.3590        0.2250       -2.2900 
   1    H6        8.8730        5.1760       -3.1360 
   1    H7        2.3560        7.3000       -5.4520 
   1    H8        1.5880        5.5870       -7.0350 
   1    H9        2.8400        3.4810       -7.2850 
   1   H10        4.9110        3.0980       -5.9430 

