Run semi-empirical minimization
 &qmmm
    qm_theory='AM1', grms_tol=0.0005,
 scfconv=1.d-10, ndiis_attempts=700,   qmcharge=0,
 /
   6    C1       -3.0820        0.8550        1.8750 
   6    C2       -4.2230        0.0800        2.0910 
   6    C3       -5.3830        0.6860        2.5510 
   6    C4       -5.3970        2.0550        2.8150 
   6    C5       -4.2650        2.8170        2.5700 
   6    C6       -3.0980        2.2400        2.1470 
   8    O1       -1.9680        0.2420        1.3880 
   8    O2       -6.4910       -0.0450        2.7420 
   6    C7       -6.5600        2.7410        3.4010 
   7    N1       -7.7890        2.6900        2.9680 
   7    N2       -8.5430        3.5060        3.8260 
   6    C8       -7.7180        4.0330        4.7640 
   7    N3       -6.4860        3.5640        4.5220 
   6    C9       -5.3430        3.8680        5.3130 
   6   C10       -4.6410        5.0830        5.1690 
   6   C11       -3.5020        5.3450        5.9370 
   6   C12       -3.0740        4.4050        6.8750 
   6   C13       -3.7910        3.2250        7.0500 
   6   C14       -4.9150        2.9500        6.2750 
   8    O3       -7.9950        4.7940        5.6790 
  16    S1       -1.7210        3.3300        1.8980 
   8    O4       -1.9250        4.4490        2.7640 
   8    O5       -0.5770        2.5090        2.0650 
   7    N4       -1.8210        3.8430        0.3050 
   6   C15       -1.8190        2.8110       -0.7390 
   6   C16       -1.9480        5.2880       -0.0710 
   6   C17       -0.6410        6.0930        0.0360 
   6   C18       -2.5790        5.5800       -1.4490 
   9    F1       -5.0500        6.0020        4.2710 
   1    H1       -4.2020       -0.9860        1.8910 
   1    H2       -4.3190        3.8920        2.7490 
   1    H3       -1.2420        0.8460        1.6470 
   1    H4       -6.4160       -0.9740        2.3830 
   1    H5       -9.5080        3.7850        3.6660 
   1    H6       -2.9410        6.2610        5.7890 
   1    H7       -2.1830        4.5860        7.4740 
   1    H8       -3.4510        2.5000        7.7890 
   1    H9       -5.4610        2.0220        6.4160 
   1   H10       -2.8400        2.6030       -1.0870 
   1   H11       -1.3660        1.8790       -0.3850 
   1   H12       -1.2080        3.1420       -1.5850 
   1   H13       -2.6400        5.7430        0.6530 
   1   H14        0.0310        5.8320       -0.7890 
   1   H15       -0.1210        5.8550        0.9700 
   1   H16       -0.8350        7.1710       -0.0130 
   1   H17       -3.5190        5.0480       -1.5710 
   1   H18       -1.8920        5.3410       -2.2630 
   1   H19       -2.8080        6.6500       -1.5340 

