Run semi-empirical minimization
 &qmmm
    qm_theory='AM1', grms_tol=0.0005,
 scfconv=1.d-10, ndiis_attempts=700,   qmcharge=0,
 /
   6    C1       -2.8480       -1.1510       -1.9230 
   6    C2       -4.0380       -0.4310       -2.1070 
   6    C3       -5.1520       -1.0880       -2.5790 
   6    C4       -5.1070       -2.4580       -2.8330 
   6    C5       -3.9130       -3.1680       -2.6540 
   6    C6       -2.7960       -2.5110       -2.1770 
   8    O1       -1.7180       -0.5090       -1.5280 
   8    O2       -6.3290       -0.4130       -2.7470 
   6    C7       -6.2300       -3.1700       -3.4270 
   7    N1       -7.4610       -3.1140       -2.9830 
   7    N2       -8.2400       -3.8950       -3.8660 
   6    C8       -7.4720       -4.3540       -4.8600 
   7    N3       -6.2030       -3.9270       -4.6180 
   6    C9       -5.0890       -4.1910       -5.4650 
   6   C10       -4.6630       -5.5000       -5.5390 
   6   C11       -3.5430       -5.8400       -6.2950 
   6   C12       -2.8650       -4.8400       -7.0000 
   6   C13       -3.3210       -3.5330       -6.9250 
   6   C14       -4.4170       -3.1870       -6.1500 
   8    O3       -7.8490       -5.0470       -5.7910 
   9    F1       -5.3700       -6.4480       -4.8920 
   1    H1       -4.0880        0.6360       -1.9100 
   1    H2       -3.8690       -4.2380       -2.8520 
   1    H3       -1.8750       -3.0500       -1.9860 
   1    H4       -1.9650        0.4300       -1.4210 
   1    H5       -6.2840        0.5120       -2.3720 
   1    H6       -9.2050       -4.1680       -3.7010 
   1    H7       -3.2010       -6.8660       -6.3300 
   1    H8       -1.9930       -5.0770       -7.6050 
   1    H9       -2.7950       -2.7540       -7.4800 
   1   H10       -4.7540       -2.1600       -6.0760 

