Run semi-empirical minimization
 &qmmm
    qm_theory='AM1', grms_tol=0.0005,
 scfconv=1.d-10, ndiis_attempts=700,   qmcharge=0,
 /
   6    C1        4.8590        3.2300       -6.0920 
   6    C2        2.9960        1.0610       -1.7920 
   6    C3        4.1690        0.3350       -2.0550 
   6    C4        5.3070        1.0130       -2.5010 
   6    C5        5.2910        2.4100       -2.6800 
   6    C6        4.1210        3.1160       -2.4160 
   6    C7        2.9630        2.4540       -2.0010 
   6    C8        6.4520        3.1450       -3.2480 
   7    N1        7.6870        3.1220       -2.8120 
   7    N2        6.3840        3.9760       -4.3640 
   8    O1        6.4540        0.3350       -2.7320 
   8    O2        1.8770        0.4210       -1.3960 
   7    N3        8.4360        3.9650       -3.6300 
   6    C9        7.6190        4.4700       -4.5740 
   8    O3        7.9290        5.2420       -5.4620 
   6   C10        5.2470        4.2250       -5.1840 
   6   C11        4.4880        5.4090       -5.1070 
   6   C12        3.3560        5.5780       -5.9150 
   6   C13        2.9890        4.5770       -6.8130 
   6   C14        4.8520        6.5230       -4.1630 
   6   C15        1.8340        3.3440       -1.6410 
   7    N4        1.6840        3.7340       -0.3400 
   8    O4        1.1450        3.8200       -2.5210 
   6   C16        0.6900        4.7500        0.0540 
   6   C17        1.3350        6.0180        0.5570 
   6   C18        3.7350        3.4000       -6.8970 
   6   C19        2.5350        3.1740        0.7250 
  16    S1        2.4150        7.0220       -0.3980 
   6   C20        2.6210        8.1440        0.9450 
   6   C21        1.9070        7.7100        1.9950 
   6   C22        1.1900        6.5420        1.7810 
   1    H1        5.4190        2.3010       -6.1460 
   1    H2        4.2040       -0.7400       -1.9190 
   1    H3        4.0970        4.1950       -2.5420 
   1    H4        6.4270       -0.6020       -2.3910 
   1    H5        2.1240       -0.5200       -1.2950 
   1    H6        9.3960        4.2530       -3.4590 
   1    H7        2.7230        6.4440       -5.7920 
   1    H8        2.0680        4.6820       -7.3800 
   1    H9        5.8250        6.9570       -4.4150 
   1   H10        4.9070        6.1550       -3.1380 
   1   H11        4.1010        7.3220       -4.1670 
   1   H12        0.1070        4.3600        0.8850 
   1   H13        0.0150        4.9930       -0.7750 
   1   H14        3.4170        2.6040       -7.5690 
   1   H15        3.5600        3.0170        0.3710 
   1   H16        2.1140        2.2190        1.0570 
   1   H17        2.5670        3.8670        1.5710 
   1   H18        3.1900        9.0550        0.8180 
   1   H19        1.8800        8.2530        2.9250 
   1   H20        0.5650        6.1000        2.5510 

