Run semi-empirical minimization
 &qmmm
    qm_theory='AM1', grms_tol=0.0005,
 scfconv=1.d-10, ndiis_attempts=700,   qmcharge=0,
 /
   6    C1      -33.3160       -7.5230       24.7270 
   6    C2      -32.7820      -12.3650       23.0140 
   6    C3      -31.5120      -12.0450       23.5220 
   6    C4      -31.4150      -11.3170       24.7110 
   6    C5      -32.5720      -10.9120       25.4060 
   6    C6      -33.8230      -11.2360       24.8900 
   6    C7      -33.9430      -11.9340       23.6860 
   6    C8      -32.5030      -10.0530       26.6170 
   7    N1      -31.8170      -10.2850       27.7080 
   7    N2      -33.1720       -8.8380       26.7560 
   8    O1      -30.2020      -11.0240       25.2310 
   8    O2      -32.8970      -13.0350       21.8490 
   7    N3      -32.0550       -9.2300       28.5860 
   6    C9      -32.8810       -8.3560       27.9790 
   8    O3      -33.3010       -7.3140       28.4450 
   6   C10      -33.9710       -8.1790       25.7790 
   6   C11      -35.3790       -8.1760       25.8120 
   6   C12      -36.1090       -7.5410       24.7990 
   6   C13      -35.4390       -6.8920       23.7630 
   6   C14      -36.1470       -8.8510       26.9160 
   6   C15      -35.3290      -12.3140       23.3230 
   7    N4      -35.8020      -13.5390       23.7020 
   8    O4      -36.0620      -11.4870       22.8190 
   6   C16      -37.2190      -13.9100       23.5240 
   6   C17      -37.9350      -14.0850       24.8410 
   6   C18      -34.0430       -6.8890       23.7220 
   6   C19      -34.9180      -14.5340       24.3340 
  16    S1      -38.1140      -12.8170       26.0430 
   6   C20      -38.9970      -13.9030       27.1130 
   6   C21      -39.0900      -15.1110       26.5350 
   6   C22      -38.5120      -15.2110       25.2780 
   1    H1      -32.2270       -7.5090       24.6950 
   1    H2      -30.6120      -12.3610       22.9950 
   1    H3      -34.7210      -10.9410       25.4330 
   1    H4      -29.8680      -11.7840       25.7140 
   1    H5      -33.3260      -13.8790       22.0060 
   1    H6      -31.6740       -9.1370       29.5170 
   1    H7      -37.1990       -7.5540       24.8210 
   1    H8      -36.0060       -6.3850       22.9820 
   1    H9      -37.1360       -9.1300       26.5520 
   1   H10      -35.6130       -9.7460       27.2360 
   1   H11      -36.2500       -8.1670       27.7590 
   1   H12      -37.2500      -14.8640       22.9980 
   1   H13      -37.7180      -13.1260       22.9540 
   1   H14      -33.5230       -6.3910       22.9040 
   1   H15      -34.0110      -14.0420       24.6850 
   1   H16      -35.4320      -14.9930       25.1790 
   1   H17      -34.6560      -15.3020       23.6070 
   1   H18      -39.4030      -13.6360       28.0890 
   1   H19      -39.5840      -15.9530       27.0190 
   1   H20      -38.5260      -16.1310       24.6940 

