Run semi-empirical minimization
 &qmmm
    qm_theory='AM1', grms_tol=0.0005,
 scfconv=1.d-10, ndiis_attempts=700,   qmcharge=0,
 /
   6    C1        1.8340      -13.6990        1.0420 
   7    N1        0.6160      -14.1950        1.5380 
   6    C2       -0.4740      -13.3160        1.7300 
   7    N2       -1.1580      -10.8330        1.4820 
   6    C3        2.0350      -12.3380        0.7070 
   7    N3        0.7870      -10.1540        0.7040 
   6    C4       -0.4530       -9.7530        1.0440 
   7    N4       -2.6310       -4.8400       -1.7350 
   6    C5        0.9390      -11.4670        0.9070 
   7    N5       -6.5270       -1.7030       -2.5840 
   6    C6       -0.3450      -11.9430        1.4170 
   7    N6       -5.4710        0.2810       -1.9890 
   6    C7       -0.9560       -8.4820        0.9900 
   6    C8       -2.0870       -5.7870        1.2160 
   6    C9       -2.1570       -6.6890        2.3380 
   6   C10       -1.5880       -8.0100        2.2100 
   6   C11       -2.6050       -3.5380       -2.0570 
   6   C12       -4.0840       -3.0840       -2.2980 
   8    O1       -1.5700       -2.8520       -2.1530 
   6   C13       -5.2530       -3.8160       -2.6900 
   6   C14       -6.4710       -3.0890       -2.8250 
   6   C15       -1.3080       -5.5060       -1.1700 
   6   C16       -1.4640       -6.2340       -0.0120 
   6   C17       -0.8900       -7.5460       -0.1730 
   6   C18       -0.6400       -6.3100       -2.1900 
   6   C19       -0.3850       -7.6110       -1.5110 
   6   C20        0.2970       -8.6490       -2.2900 
   6   C21        0.7090       -8.4250       -3.6820 
   6   C22        0.4370       -7.1400       -4.3080 
   6   C23       -0.2310       -6.1010       -3.5500 
   6   C24       -4.1080       -1.6540       -2.0400 
   6   C25       -5.3710       -1.0160       -2.2020 
   1    H1        2.6360      -14.4260        0.9200 
   1    H2       -1.3930      -13.7390        2.1280 
   1    H3       -2.1160      -10.8280        1.8030 
   1    H4        2.9800      -11.9700        0.3320 
   1    H5       -3.5210       -5.3010       -1.6360 
   1    H6       -6.3840        0.7310       -2.0020 
   1    H7       -4.6970        0.8610       -1.7250 
   1    H8       -2.4930       -4.7820        1.2880 
   1    H9       -2.6310       -6.3800        3.2650 
   1   H10       -1.7220       -8.6900        3.0260 
   1   H11       -5.2290       -4.8820       -2.8940 
   1   H12       -7.3990       -3.5770       -3.1210 
   1   H13       -0.6170       -4.7010       -0.9090 
   1   H14        0.4850       -9.6160       -1.8360 
   1   H15        1.1700       -9.2250       -4.2540 
   1   H16        0.6020       -6.9860       -5.3480 
   1   H17       -0.4690       -5.1560       -4.0340 
   1   H18       -3.2440       -1.0700       -1.7420 

