Run semi-empirical minimization
 &qmmm
    qm_theory='AM1', grms_tol=0.0005,
 scfconv=1.d-10, ndiis_attempts=700,   qmcharge=0,
 /
   6    C1        0.1720       36.9690       24.4660 
   6    C2       -0.1970       31.8900       26.0580 
   6    C3       -1.4530       32.2350       25.5020 
   6    C4       -1.4950       32.9640       24.2960 
   6    C5       -0.3090       33.4510       23.7170 
   6    C6        0.9310       33.0950       24.2680 
   6    C7        0.9970       32.3590       25.4620 
   6    C8       -0.3440       34.3220       22.5150 
   7    N1       -0.9530       34.0860       21.3650 
   7    N2        0.2830       35.5600       22.4630 
   8    O1       -2.6910       33.3000       23.7230 
   8    O2       -0.0970       31.1690       27.1920 
   7    N3       -0.7040       35.1940       20.5370 
   6    C9        0.0440       36.0770       21.2440 
   8    O3        0.4230       37.1880       20.8770 
   6   C10        0.9290       36.2180       23.5480 
   6   C11        2.3170       36.1360       23.7450 
   6   C12        2.9370       36.7830       24.8230 
   6   C13        2.1700       37.5270       25.7240 
   6   C14        2.3700       31.9790       25.9000 
   7    N4        2.9400       30.7980       25.5070 
   8    O4        3.0260       32.8140       26.5030 
   6   C15        4.3470       30.4920       25.8330 
   6   C16        5.1210       30.3430       24.5410 
   6   C17        0.7990       37.6060       25.5400 
   6   C18        2.1970       29.7300       24.8400 
   8    O5        5.2760       31.3040       23.6010 
   6   C19        6.0210       30.8240       22.5960 
   6   C20        6.3320       29.5350       22.8750 
   6   C21        5.7630       29.2220       24.1360 
   9    F1        3.0530       35.4300       22.8630 
   1    H1       -0.9070       37.0540       24.3390 
   1    H2       -2.3760       31.9400       26.0010 
   1    H3        1.8510       33.3920       23.7650 
   1    H4       -3.0180       32.5600       23.2060 
   1    H5        0.3650       30.3470       27.0100 
   1    H6       -1.0240       35.3110       19.5860 
   1    H7        4.0160       36.7060       24.9580 
   1    H8        2.6450       38.0390       26.5610 
   1    H9        4.4030       29.5680       26.4090 
   1   H10        4.7720       31.3020       26.4250 
   1   H11        0.1970       38.1770       26.2470 
   1   H12        1.2720       30.1340       24.4280 
   1   H13        2.8020       29.3140       24.0340 
   1   H14        1.9610       28.9460       25.5600 
   1   H15        6.3250       31.3760       21.7060 
   1   H16        6.9130       28.8620       22.2450 
   1   H17        5.8290       28.2740       24.6690 

